(14,7,0)
(18,7,0)
(7,9,0)
(12,20,0)
(0,6,0)
(10,4,0)
(8,12,0)
(4,2,0)
(4,10,0)
(13,16,0)
(3,4,0)
(21,6,0)
(17,22,0)
(6,22,0)
(0,23,0)
(11,20,0)
(1,4,0)
(5,11,0)
(16,22,0)
(10,0,0)
(15,7,0)
(23,0,0)
(6,0,0)
(0,10,0)
(7,14,0)
(6,0,1)
(10,4,1)
(12,8,1)
(7,9,1)
(1,3,1)
(4,2,1)
(0,23,1)
(5,14,1)
(13,12,1)
(3,21,1)
(11,5,1)
(15,6,1)
(4,1,1)
(18,15,1)
(8,11,1)
(16,13,1)
(0,10,1)
(7,18,1)
(14,7,1)
(13,14,1)
(19,16,1)
(7,9,2)
(0,23,2)
(14,7,2)
(11,14,2)
(6,0,2)
(8,14,2)
(10,4,2)
(4,2,2)
(12,14,2)
(5,14,2)
(0,10,2)
-----------------------------------
(0,(char*)
(1,1)
(2,int b)
(3,b)
(4,b+1)
(5,"not equal.")
(6,a = (char*)
(7,strcmp(c,"dateadded")
(8,a)
(9,char *c)
(10,malloc(b+1)
(11,printf("not equal.")
(12,free(a)
(13,a)
(14,!strcmp(c,"dateadded")
(15,c)
(16,free(a)
(17,if(!strcmp(c,"dateadded")
(18,"dateadded")
(19,RET)
(20,)
(21,a)
(22,)
(23,char*)
^^^^^^^^^^^^^^^^^^^^^^^^^^^^^^^^^^^
1